Feb 01, 2017  1.1753
Jan 31, 2017  1.1649
Jan 30, 2017  1.1676
Jan 27, 2017  1.1735
Jan 26, 2017  1.1788
Jan 25, 2017  1.1756
Jan 24, 2017  1.1667
Jan 23, 2017  1.1644
Jan 20, 2017  1.1562
Jan 19, 2017  1.1574
Jan 18, 2017  1.1531
Jan 17, 2017  1.1587
Jan 16, 2017  1.1363
Jan 13, 2017  1.1442
Jan 12, 2017  1.1458
Jan 11, 2017  1.1540
Jan 10, 2017  1.1537
Jan 09, 2017  1.1502
Jan 06, 2017  1.1665
Jan 05, 2017  1.1708
Jan 04, 2017  1.1748
Jan 03, 2017  1.1762
Jan 02, 2017  1.1737
Dec 30, 2016  1.1733
Dec 29, 2016  1.1688
Dec 28, 2016  1.1741
Dec 27, 2016  1.1735
Dec 26, 2016  1.1752
Dec 23, 2016  1.1756
Dec 22, 2016  1.1769
Dec 21, 2016  1.1851
Dec 20, 2016  1.1903
Dec 19, 2016  1.1921
Dec 16, 2016  1.1958
Dec 15, 2016  1.1925
Dec 14, 2016  1.1925
Dec 13, 2016  1.1911
Dec 12, 2016  1.1920
Dec 09, 2016  1.1907
Dec 08, 2016  1.1857
Dec 07, 2016  1.1741
Dec 06, 2016  1.1828
Dec 05, 2016  1.1829
Dec 02, 2016  1.1926
Dec 01, 2016  1.1809
Nov 30, 2016  1.1811
Nov 29, 2016  1.1729
Nov 28, 2016  1.1697
Nov 25, 2016  1.1784
Nov 24, 2016  1.1801
Nov 23, 2016  1.1784
Nov 22, 2016  1.1691
Nov 21, 2016  1.1754
Nov 18, 2016  1.1660
Nov 17, 2016  1.1685
Nov 16, 2016  1.1639
Nov 15, 2016  1.1618
Nov 14, 2016  1.1634
Nov 11, 2016  1.1608
Nov 10, 2016  1.1526
Nov 09, 2016  1.1372
Nov 08, 2016  1.1225
Nov 07, 2016  1.1229
Nov 04, 2016  1.1237
Nov 03, 2016  1.1220
Nov 02, 2016  1.1087
Nov 01, 2016  1.1074
Oct 31, 2016  1.1150
Oct 28, 2016  1.1091
Oct 27, 2016  1.1161
Oct 26, 2016  1.1225
Oct 25, 2016  1.1194
Oct 24, 2016  1.1248
Oct 21, 2016  1.1242
Oct 20, 2016  1.1210
Oct 19, 2016  1.1197
Oct 18, 2016  1.1199
Oct 17, 2016  1.1077
Oct 14, 2016  1.1109
Oct 13, 2016  1.1084
Oct 12, 2016  1.1089
Oct 11, 2016  1.0967
Oct 10, 2016  1.1099
Oct 07, 2016  1.1101
Oct 06, 2016  1.1313
Oct 05, 2016  1.1377
Oct 04, 2016  1.1359
Oct 03, 2016  1.1456
Sep 30, 2016  1.1543
Sep 29, 2016  1.1556
Sep 28, 2016  1.1608
Sep 27, 2016  1.1611
Sep 26, 2016  1.1530
Sep 23, 2016  1.1557
Sep 22, 2016  1.1669
Sep 21, 2016  1.1643
Sep 20, 2016  1.1644
Sep 19, 2016  1.1660
Sep 16, 2016  1.1652
Sep 15, 2016  1.1774
Sep 14, 2016  1.1764
Sep 13, 2016  1.1759
Sep 12, 2016  1.1873
Sep 09, 2016  1.1811
Sep 08, 2016  1.1807
Sep 07, 2016  1.1867
Sep 06, 2016  1.1940
Sep 05, 2016  1.1936
Sep 02, 2016  1.1915
Sep 01, 2016  1.1850
Aug 31, 2016  1.1774
Aug 30, 2016  1.1740
Aug 29, 2016  1.1711
Aug 26, 2016  1.1731
Aug 25, 2016  1.1691
Aug 24, 2016  1.1749
Aug 23, 2016  1.1675
Aug 22, 2016  1.1608
Aug 19, 2016  1.1544
Aug 18, 2016  1.1597
Aug 17, 2016  1.1553
Aug 16, 2016  1.1566
Aug 15, 2016  1.1517
Aug 12, 2016  1.1579
Aug 11, 2016  1.1632
Aug 10, 2016  1.1642
Aug 09, 2016  1.1694
Aug 08, 2016  1.1755
Aug 05, 2016  1.1793
Aug 04, 2016  1.1778
Aug 03, 2016  1.1954
Aug 02, 2016  1.1897
Aug 01, 2016  1.1805
